0,84.41
1,86.59
2,88.33
3,90.94
4,90.91
5,94.46
6,95.08
7,95.65
8,95.58
9,96.2
10,96.76
11,96.59
12,96.07
13,96.68
14,96.74
15,96.1
16,96.85
17,96.73
18,97.29
19,97.55
20,96.99
21,96.77
22,97.43
23,97.48
24,97.6
25,97.73
26,97.5
27,97.64
28,96.96
29,97.93
30,97.74
31,97.64
32,97.6
33,97.59
34,97.82
35,97.82
36,97.89
37,97.68
38,98.06
39,97.66
40,97.94
41,98.04
42,97.77
43,98.05
44,97.88
45,97.86
46,97.91
47,98.02
48,97.97
49,98.25
50,98.01
51,97.86
52,98.1
53,98.04
54,97.85
55,98.06
56,97.91
57,98.2
58,98.07
59,98.01
60,98.04
61,98.28
62,98.22
63,98.14
64,98.06
65,98.12
66,98.01
67,98.27
68,98.37
69,98.37
70,98.27
71,98.11
72,97.99
73,98.41
74,98.11
75,98.35
76,98.39
77,98.29
78,98.51
79,98.47
80,98.51
81,98.25
82,98.12
83,98.46
84,98.26
85,98.38
86,98.17
87,98.42
88,98.37
89,98.34
90,98.22
91,98.41
92,98.43
93,98.31
94,98.42
95,98.22
96,98.43
97,98.52
98,98.59
99,98.48
100,98.49
101,98.36
102,98.43
103,98.47
104,98.26
105,98.52
106,98.54
107,98.42
108,98.59
109,98.5
110,98.51
111,98.38
112,98.44
113,98.5
114,98.53
115,98.51
116,98.59
117,98.53
118,98.49
119,98.51
120,98.49
121,98.53
122,98.46
123,98.57
124,98.54
125,98.59
126,98.57
127,98.64
128,98.58
129,98.67
130,98.66
131,98.69
132,98.62
133,98.61
134,98.61
135,98.62
136,98.63
137,98.64
138,98.59
139,98.61
140,98.58
141,98.63
142,98.56
143,98.58
144,98.62
145,98.6
146,98.63
147,98.58
148,98.62
149,98.6
